10,102
10,270
10,71
10,203
10,305
10,191
10,139
10,257
11,9
11,15
11,23
11,18
11,2
11,3
8,8
8,17
8,5
2,2
2,1
2,3
220,3
220,2
220,1
220,0
218,3
218,2
218,1
218,0
217,4
217,3
217,2
217,1
217,0
216,5
216,4
216,3
216,2
216,1
216,0
213,5
213,4
213,3
213,2
213,1
213,0
210,5
210,4
210,3
210,2
210,1
210,0
207,5
207,4
207,3
207,2
207,1
207,0
204,4
204,3
204,2
204,1
204,0
202,3
202,1
199,4
199,3
199,1
20,3
20,2
20,1
19,3
19,2
19,1
18,3
18,1
14,3
14,1
13,3
13,1
12,3
12,2
12,1
11,30
11,29
11,28
11,27
11,26
11,25
11,24
11,21
11,20
11,19
11,17
11,16
11,14
11,13
11,12
11,11
11,1
11,6
10,313
10,229
10,207
10,162
10,151
10,106
10,1
10,104
10,3
10,2
9,7
9,5
9,3
9,2
9,1
